70	-0.5	-0.25	0.25	0.5	-0.5	-0.25	[33554566]
71	-0.25	0.0	0.25	0.5	-0.5	-0.25	[33554604;33554624;33555681]
725546633	-0.30664062	-0.3046875	0.21875	0.22070312	-0.2578125	-0.25585938	[33555687]
7255466372	-0.30664062	-0.30566406	0.21875	0.21972656	-0.25585938	-0.2548828	[33555545;33555715]
72554663733	-0.30517578	-0.3046875	0.21875	0.21923828	-0.25585938	-0.2553711	[33554732;33555283]
72554663734	-0.30566406	-0.30517578	0.21923828	0.21972656	-0.2553711	-0.2548828	[33554823]
725546637350	-0.30517578	-0.30493164	0.21948242	0.21972656	-0.2553711	-0.25512695	[33555290]
7255466373523	-0.3050537	-0.30493164	0.21923828	0.21936035	-0.2553711	-0.25524902	[33554746;33554792]
7255466373526	-0.30517578	-0.3050537	0.21923828	0.21936035	-0.25524902	-0.25512695	[33554754]
7255466373527	-0.3050537	-0.30493164	0.21923828	0.21936035	-0.25524902	-0.25512695	[33554780]
725546637355	-0.30493164	-0.3046875	0.21948242	0.21972656	-0.25512695	-0.2548828	[33555274]
725546637356	-0.30517578	-0.30493164	0.21923828	0.21948242	-0.25512695	-0.2548828	[33554991;33555130;33555159]
725546637361	-0.30541992	-0.30517578	0.21899414	0.21923828	-0.2553711	-0.25512695	[33555158]
725546637362	-0.30566406	-0.30541992	0.21875	0.21899414	-0.2553711	-0.25512695	[33555688]
725546637363	-0.30541992	-0.30517578	0.21875	0.21899414	-0.2553711	-0.25512695	[33554676]
725546637365	-0.30541992	-0.30517578	0.21899414	0.21923828	-0.25512695	-0.2548828	[33555508]
7255466373670	-0.30541992	-0.30529785	0.21887207	0.21899414	-0.25512695	-0.25500488	[33554702;33555004;33555662]
7255466373671	-0.30529785	-0.30517578	0.21887207	0.21899414	-0.25512695	-0.25500488	[33554726;33555083]
7255466373674	-0.30541992	-0.30529785	0.21887207	0.21899414	-0.25500488	-0.2548828	[33555544]
7255466373675	-0.30529785	-0.30517578	0.21887207	0.21899414	-0.25500488	-0.2548828	[33554674]
7255466373676	-0.30541992	-0.30529785	0.21875	0.21887207	-0.25500488	-0.2548828	[33555362]
725546637370	-0.30517578	-0.30493164	0.21899414	0.21923828	-0.2553711	-0.25512695	[33554755]
7255466373741	-0.3050537	-0.30493164	0.21911621	0.21923828	-0.25512695	-0.25500488	[33554797]
7255466373742	-0.30517578	-0.3050537	0.21899414	0.21911621	-0.25512695	-0.25500488	[33554454]
7255466373746	-0.30517578	-0.3050537	0.21899414	0.21911621	-0.25500488	-0.2548828	[33554870;33555557]
725546637375	-0.30493164	-0.3046875	0.21899414	0.21923828	-0.25512695	-0.2548828	[33555588]
725546637376	-0.30517578	-0.30493164	0.21875	0.21899414	-0.25512695	-0.2548828	[33555291]
725546637377	-0.30493164	-0.3046875	0.21875	0.21899414	-0.25512695	-0.2548828	[33554968]
72554663772	-0.30566406	-0.30517578	0.21875	0.21923828	-0.2548828	-0.25439453	[33554891;33555047;33555716]
72554663773	-0.30517578	-0.3046875	0.21875	0.21923828	-0.2548828	-0.25439453	[33554727;33554756;33555689]
7255467	-0.3046875	-0.296875	0.21875	0.2265625	-0.2578125	-0.25	[33554958;33554997]
72556	-0.3125	-0.28125	0.1875	0.21875	-0.28125	-0.25	[33554528;33554650;33555168]
730	-0.25	-0.125	0.125	0.25	-0.5	-0.375	[33554592]
731	-0.125	0.0	0.125	0.25	-0.5	-0.375	[33555118;33555186;33555221]
735	-0.125	0.0	0.125	0.25	-0.375	-0.25	[33555713]
7433	-0.3125	-0.25	0.25	0.3125	-0.25	-0.1875	[33555235]
7436135121	-0.3154297	-0.31445312	0.2939453	0.29492188	-0.1796875	-0.17871094	[33555569;33555711]
7436135123	-0.3154297	-0.31445312	0.29296875	0.2939453	-0.1796875	-0.17871094	[33555126;33555261]
74361351304	-0.31445312	-0.31396484	0.2944336	0.29492188	-0.17919922	-0.17871094	[33555600]
74361351306	-0.31445312	-0.31396484	0.2939453	0.2944336	-0.17919922	-0.17871094	[33555193;33555245;33555659]
7436135132	-0.31445312	-0.31347656	0.29296875	0.2939453	-0.1796875	-0.17871094	[33554509;33554554]
7436135136	-0.31445312	-0.31347656	0.29296875	0.2939453	-0.17871094	-0.17773438	[33555227]
745050	-0.34375	-0.328125	0.484375	0.5	-0.09375	-0.078125	[33554547;33554637]
745052	-0.34375	-0.328125	0.46875	0.484375	-0.09375	-0.078125	[33555331;33555497;33555721]
7451670024	-0.296875	-0.29589844	0.4501953	0.45117188	-0.07714844	-0.076171875	[33554655;33555002;33555028]
74516700250	-0.29589844	-0.29541016	0.4506836	0.45117188	-0.07714844	-0.076660156	[33554834]
74516700252	-0.29589844	-0.29541016	0.4501953	0.4506836	-0.07714844	-0.076660156	[33554859]
74516700254	-0.29589844	-0.29541016	0.4506836	0.45117188	-0.076660156	-0.076171875	[33554915;33555089]
745167002560	-0.29589844	-0.2956543	0.45043945	0.4506836	-0.076660156	-0.076416016	[33554530;33554989]
745167002561	-0.2956543	-0.29541016	0.45043945	0.4506836	-0.076660156	-0.076416016	[33555133;33555468]
7453471100	-0.28515625	-0.2841797	0.42089844	0.421875	-0.078125	-0.07714844	[33555259;33555546]
7453471103	-0.2841797	-0.28320312	0.41992188	0.42089844	-0.078125	-0.07714844	[33555388]
7453471105	-0.2841797	-0.28320312	0.42089844	0.421875	-0.07714844	-0.076171875	[33555428]
746	-0.5	-0.375	0.25	0.375	-0.125	0.0	[33554611]
75	-0.25	0.0	0.25	0.5	-0.25	0.0	[33554533]
760	-0.5	-0.375	0.125	0.25	-0.25	-0.125	[33554608]
761030	-0.34375	-0.328125	0.203125	0.21875	-0.25	-0.234375	[33554517;33555327;33555566]
76103124675	-0.32666016	-0.32617188	0.20751953	0.20800781	-0.24267578	-0.2421875	[33555328;33555421]
76103124677	-0.32666016	-0.32617188	0.20703125	0.20751953	-0.24267578	-0.2421875	[33554924;33555275;33555594]
7610312474	-0.32617188	-0.3251953	0.20800781	0.20898438	-0.24316406	-0.2421875	[33554643;33554739;33555074]
76103124762	-0.32617188	-0.3256836	0.20703125	0.20751953	-0.24316406	-0.24267578	[33554861]
761031247641	-0.32592773	-0.3256836	0.20776367	0.20800781	-0.24267578	-0.24243164	[33554448]
761031247644	-0.32617188	-0.32592773	0.20776367	0.20800781	-0.24243164	-0.2421875	[33554765]
761031247645	-0.32592773	-0.3256836	0.20776367	0.20800781	-0.24243164	-0.2421875	[33554491;33554546;33555219]
761031247646	-0.32617188	-0.32592773	0.20751953	0.20776367	-0.24243164	-0.2421875	[33554682]
761031247647	-0.32592773	-0.3256836	0.20751953	0.20776367	-0.24243164	-0.2421875	[33555432]
76103124765	-0.3256836	-0.3251953	0.20751953	0.20800781	-0.24267578	-0.2421875	[33554707]
761031247661	-0.32592773	-0.3256836	0.20727539	0.20751953	-0.24267578	-0.24243164	[33554477]
761031247664	-0.32617188	-0.32592773	0.20727539	0.20751953	-0.24243164	-0.2421875	[33554728;33555230]
761031247665	-0.32592773	-0.3256836	0.20727539	0.20751953	-0.24243164	-0.2421875	[33555263]
761031247666	-0.32617188	-0.32592773	0.20703125	0.20727539	-0.24243164	-0.2421875	[33554442]
76103126	-0.328125	-0.32421875	0.203125	0.20703125	-0.24609375	-0.2421875	[33555088]
7610316022	-0.328125	-0.32714844	0.20703125	0.20800781	-0.2421875	-0.24121094	[33554719]
76103160231	-0.32666016	-0.32617188	0.20751953	0.20800781	-0.2421875	-0.24169922	[33554516;33554683]
76103160232	-0.32714844	-0.32666016	0.20703125	0.20751953	-0.2421875	-0.24169922	[33555007;33555329;33555409]
761031602333	-0.32641602	-0.32617188	0.20703125	0.20727539	-0.2421875	-0.24194336	[33555608]
761031602334	-0.32666016	-0.32641602	0.20727539	0.20751953	-0.24194336	-0.24169922	[33554453;33554465;33554757]
76103160236	-0.32714844	-0.32666016	0.20703125	0.20751953	-0.24169922	-0.24121094	[33555299]
7610316031	-0.3251953	-0.32421875	0.20800781	0.20898438	-0.2421875	-0.24121094	[33554817]
76103160320	-0.32617188	-0.3256836	0.20751953	0.20800781	-0.2421875	-0.24169922	[33554773;33554807]
76103160322	-0.32617188	-0.3256836	0.20703125	0.20751953	-0.2421875	-0.24169922	[33554806;33555058]
7610316200	-0.328125	-0.32714844	0.20605469	0.20703125	-0.2421875	-0.24121094	[33555212;33555218]
7610316201	-0.32714844	-0.32617188	0.20605469	0.20703125	-0.2421875	-0.24121094	[33555509]
7610316204	-0.328125	-0.32714844	0.20605469	0.20703125	-0.24121094	-0.24023438	[33555374]
761032	-0.34375	-0.328125	0.1875	0.203125	-0.25	-0.234375	[33554589]
7611535666	-0.2578125	-0.25683594	0.2265625	0.22753906	-0.20410156	-0.203125	[33555430]
76115356672	-0.25683594	-0.25634766	0.2265625	0.22705078	-0.20410156	-0.20361328	[33555178;33555462;33555644]
76115356676	-0.25683594	-0.25634766	0.2265625	0.22705078	-0.20361328	-0.203125	[33555431]
761153567	-0.25585938	-0.25390625	0.2265625	0.22851562	-0.20507812	-0.203125	[33555463]
76115374	-0.2578125	-0.25390625	0.22265625	0.2265625	-0.20703125	-0.203125	[33555599;33555614]
761153771	-0.25195312	-0.25	0.22070312	0.22265625	-0.20703125	-0.20507812	[33555070;33555090;33555577]
761153775100	-0.25097656	-0.25073242	0.22241211	0.22265625	-0.20507812	-0.20483398	[33554983]
761153775101	-0.25073242	-0.25048828	0.22241211	0.22265625	-0.20507812	-0.20483398	[33554897;33555079;33555113]
761153775103	-0.25073242	-0.25048828	0.22216797	0.22241211	-0.20507812	-0.20483398	[33555273]
76115377511	-0.25048828	-0.25	0.22216797	0.22265625	-0.20507812	-0.20458984	[33554862]
7611577711	-0.25097656	-0.25	0.22167969	0.22265625	-0.19140625	-0.19042969	[33554912]
7611577715	-0.25097656	-0.25	0.22167969	0.22265625	-0.19042969	-0.18945312	[33554811;33554820;33554952]
7611577717	-0.25097656	-0.25	0.22070312	0.22167969	-0.19042969	-0.18945312	[33554960;33555008;33555494]
7612011	-0.3515625	-0.34375	0.1796875	0.1875	-0.25	-0.2421875	[33554606;33554990;33555436]
7612016	-0.359375	-0.3515625	0.171875	0.1796875	-0.2421875	-0.234375	[33555220;33555593;33555671]
76120251	-0.36328125	-0.359375	0.16796875	0.171875	-0.2421875	-0.23828125	[33554737;33555470]
76120253455	-0.3618164	-0.36132812	0.16748047	0.16796875	-0.23876953	-0.23828125	[33554660;33554778;33554779]
76120253456	-0.3623047	-0.3618164	0.16699219	0.16748047	-0.23876953	-0.23828125	[33555670]
76120253457	-0.3618164	-0.36132812	0.16699219	0.16748047	-0.23876953	-0.23828125	[33554668]
76120253544	-0.36132812	-0.36083984	0.16748047	0.16796875	-0.23876953	-0.23828125	[33554657;33555036;33555513]
76120253545	-0.36083984	-0.36035156	0.16748047	0.16796875	-0.23876953	-0.23828125	[33554921]
7612025357	-0.36035156	-0.359375	0.16601562	0.16699219	-0.23925781	-0.23828125	[33554860]
7612025522	-0.36328125	-0.3623047	0.16796875	0.16894531	-0.23828125	-0.23730469	[33554931;33555565]
76120255230	-0.3623047	-0.3618164	0.16845703	0.16894531	-0.23828125	-0.23779297	[33555099]
76120255233	-0.3618164	-0.36132812	0.16796875	0.16845703	-0.23828125	-0.23779297	[33554468;33554814;33554896]
76120255237	-0.3618164	-0.36132812	0.16796875	0.16845703	-0.23779297	-0.23730469	[33554648;33555592]
7612025530	-0.36132812	-0.36035156	0.16894531	0.16992188	-0.23828125	-0.23730469	[33554854]
76120255320	-0.36132812	-0.36083984	0.16845703	0.16894531	-0.23828125	-0.23779297	[33555016;33555163]
761202553220	-0.36132812	-0.36108398	0.16821289	0.16845703	-0.23828125	-0.23803711	[33554649;33555025]
761202553221	-0.36108398	-0.36083984	0.16821289	0.16845703	-0.23828125	-0.23803711	[33554816;33555320]
761202553223	-0.36108398	-0.36083984	0.16796875	0.16821289	-0.23828125	-0.23803711	[33554884]
761202553224	-0.36132812	-0.36108398	0.16821289	0.16845703	-0.23803711	-0.23779297	[33555185]
761202553226	-0.36132812	-0.36108398	0.16796875	0.16821289	-0.23803711	-0.23779297	[33554793;33554967]
76120255323	-0.36083984	-0.36035156	0.16796875	0.16845703	-0.23828125	-0.23779297	[33554485]
76120256	-0.3671875	-0.36328125	0.1640625	0.16796875	-0.23828125	-0.234375	[33554922]
76120257001	-0.36279297	-0.3623047	0.16748047	0.16796875	-0.23828125	-0.23779297	[33554794]
76120257002	-0.36328125	-0.36279297	0.16699219	0.16748047	-0.23828125	-0.23779297	[33554885]
76120257003	-0.36279297	-0.3623047	0.16699219	0.16748047	-0.23828125	-0.23779297	[33554798]
76120257006	-0.36328125	-0.36279297	0.16699219	0.16748047	-0.23779297	-0.23730469	[33555015]
761202570111	-0.36157227	-0.36132812	0.16772461	0.16796875	-0.23828125	-0.23803711	[33554469;33555514]
761202570112	-0.3618164	-0.36157227	0.16748047	0.16772461	-0.23828125	-0.23803711	[33555006]
761202570113	-0.36157227	-0.36132812	0.16748047	0.16772461	-0.23828125	-0.23803711	[33555197]
7612025701150	-0.36157227	-0.3614502	0.16784668	0.16796875	-0.23803711	-0.23791504	[33554526]
7612025701153	-0.3614502	-0.36132812	0.16772461	0.16784668	-0.23803711	-0.23791504	[33554466]
7612025701154	-0.36157227	-0.3614502	0.16784668	0.16796875	-0.23791504	-0.23779297	[33554484]
7612025701155	-0.3614502	-0.36132812	0.16784668	0.16796875	-0.23791504	-0.23779297	[33554490;33554903]
7612025701157	-0.3614502	-0.36132812	0.16772461	0.16784668	-0.23791504	-0.23779297	[33554481]
761202570116	-0.3618164	-0.36157227	0.16748047	0.16772461	-0.23803711	-0.23779297	[33554497]
761202570117	-0.36157227	-0.36132812	0.16748047	0.16772461	-0.23803711	-0.23779297	[33555423]
76120257012	-0.3623047	-0.3618164	0.16699219	0.16748047	-0.23828125	-0.23779297	[33554996]
76120257013	-0.3618164	-0.36132812	0.16699219	0.16748047	-0.23828125	-0.23779297	[33555100]
761202571000	-0.36132812	-0.36108398	0.16772461	0.16796875	-0.23828125	-0.23803711	[33555096;33555136;33555147]
761202571001	-0.36108398	-0.36083984	0.16772461	0.16796875	-0.23828125	-0.23803711	[33554474;33554855]
761202571002	-0.36132812	-0.36108398	0.16748047	0.16772461	-0.23828125	-0.23803711	[33555137]
761202571004	-0.36132812	-0.36108398	0.16772461	0.16796875	-0.23803711	-0.23779297	[33554656;33555500]
761202571005	-0.36108398	-0.36083984	0.16772461	0.16796875	-0.23803711	-0.23779297	[33554957]
761202571006	-0.36132812	-0.36108398	0.16748047	0.16772461	-0.23803711	-0.23779297	[33554473]
76120257101	-0.36083984	-0.36035156	0.16748047	0.16796875	-0.23828125	-0.23779297	[33554936]
76120257104	-0.36132812	-0.36083984	0.16748047	0.16796875	-0.23779297	-0.23730469	[33554461;33555701]
761203	-0.359375	-0.34375	0.15625	0.171875	-0.25	-0.234375	[33555654]
7612060131	-0.36816406	-0.3671875	0.16894531	0.16992188	-0.234375	-0.23339844	[33555049;33555236]
76120601334	-0.36816406	-0.36767578	0.16845703	0.16894531	-0.23388672	-0.23339844	[33555267]
76120601335	-0.36767578	-0.3671875	0.16845703	0.16894531	-0.23388672	-0.23339844	[33554923]
76120601337	-0.36767578	-0.3671875	0.16796875	0.16845703	-0.23388672	-0.23339844	[33555040;33555268]
7612205	-0.3671875	-0.359375	0.1484375	0.15625	-0.2421875	-0.234375	[33554622;33554623]
7612207121	-0.3623047	-0.36132812	0.14550781	0.14648438	-0.2421875	-0.24121094	[33555580;33555633]
7612207123	-0.3623047	-0.36132812	0.14453125	0.14550781	-0.2421875	-0.24121094	[33554621;33555135]
76122071251	-0.3618164	-0.36132812	0.1459961	0.14648438	-0.24121094	-0.24072266	[33555276]
76122071252	-0.3623047	-0.3618164	0.14550781	0.1459961	-0.24121094	-0.24072266	[33555579]
761220712531	-0.36157227	-0.36132812	0.14575195	0.1459961	-0.24121094	-0.2409668	[33555215;33555454;33555620]
761220712533	-0.36157227	-0.36132812	0.14550781	0.14575195	-0.24121094	-0.2409668	[33555231;33555266;33555641]
761220712535	-0.36157227	-0.36132812	0.14575195	0.1459961	-0.2409668	-0.24072266	[33555098]
761220712536	-0.3618164	-0.36157227	0.14550781	0.14575195	-0.2409668	-0.24072266	[33555360]
761220712537	-0.36157227	-0.36132812	0.14550781	0.14575195	-0.2409668	-0.24072266	[33555355]
761220712710	-0.3618164	-0.36157227	0.14526367	0.14550781	-0.24121094	-0.2409668	[33555510]
761220712711	-0.36157227	-0.36132812	0.14526367	0.14550781	-0.24121094	-0.2409668	[33555393;33555469]
761220712714	-0.3618164	-0.36157227	0.14526367	0.14550781	-0.2409668	-0.24072266	[33555248;33555435]
76122071275	-0.3618164	-0.36132812	0.14501953	0.14550781	-0.24072266	-0.24023438	[33555359]
761220713063	-0.36108398	-0.36083984	0.14550781	0.14575195	-0.24169922	-0.24145508	[33554995]
761220713064	-0.36132812	-0.36108398	0.14575195	0.1459961	-0.24145508	-0.24121094	[33555048]
761220713065	-0.36108398	-0.36083984	0.14575195	0.1459961	-0.24145508	-0.24121094	[33555162]
761220713066	-0.36132812	-0.36108398	0.14550781	0.14575195	-0.24145508	-0.24121094	[33555669]
76122071340	-0.36132812	-0.36083984	0.1459961	0.14648438	-0.24121094	-0.24072266	[33555591;33555700]
76122071342	-0.36132812	-0.36083984	0.14550781	0.1459961	-0.24121094	-0.24072266	[33555285;33555412]
7612223	-0.3671875	-0.359375	0.125	0.1328125	-0.25	-0.2421875	[33554762;33555202]
7612225	-0.3671875	-0.359375	0.1328125	0.140625	-0.2421875	-0.234375	[33555550]
7612227	-0.3671875	-0.359375	0.125	0.1328125	-0.2421875	-0.234375	[33555532]
76123654620	-0.3359375	-0.33544922	0.13720703	0.13769531	-0.22070312	-0.22021484	[33555217]
76123654622	-0.3359375	-0.33544922	0.13671875	0.13720703	-0.22070312	-0.22021484	[33554908]
761236546240	-0.3359375	-0.33569336	0.13745117	0.13769531	-0.22021484	-0.2199707	[33555455]
761236546241	-0.33569336	-0.33544922	0.13745117	0.13769531	-0.22021484	-0.2199707	[33555032]
761236546245	-0.33569336	-0.33544922	0.13745117	0.13769531	-0.2199707	-0.21972656	[33555105;33555192]
761261253	-0.35351562	-0.3515625	0.14453125	0.14648438	-0.21484375	-0.21289062	[33555255]
7612612562	-0.35546875	-0.3544922	0.14453125	0.14550781	-0.21289062	-0.21191406	[33554512]
76126125632	-0.3544922	-0.3540039	0.14453125	0.14501953	-0.21289062	-0.21240234	[33555057]
761261256335	-0.35375977	-0.35351562	0.14477539	0.14501953	-0.21264648	-0.21240234	[33555305]
7612612563360	-0.3540039	-0.35388184	0.14465332	0.14477539	-0.21264648	-0.21252441	[33554470]
7612612563361	-0.35388184	-0.35375977	0.14465332	0.14477539	-0.21264648	-0.21252441	[33554483;33554766;33554873]
761261256337	-0.35375977	-0.35351562	0.14453125	0.14477539	-0.21264648	-0.21240234	[33554704;33555254;33555338]
76126125637	-0.3540039	-0.35351562	0.14453125	0.14501953	-0.21240234	-0.21191406	[33554731]
761261257	-0.35351562	-0.3515625	0.14453125	0.14648438	-0.21289062	-0.2109375	[33554874;33555234]
76126127	-0.35546875	-0.3515625	0.140625	0.14453125	-0.21484375	-0.2109375	[33554588;33554838;33554974]
7613022654	-0.31054688	-0.3095703	0.15917969	0.16015625	-0.24316406	-0.2421875	[33555655]
761302265560	-0.3095703	-0.30932617	0.15942383	0.15966797	-0.24267578	-0.24243164	[33555551]
761302265561	-0.30932617	-0.30908203	0.15942383	0.15966797	-0.24267578	-0.24243164	[33555198]
761302265562	-0.3095703	-0.30932617	0.15917969	0.15942383	-0.24267578	-0.24243164	[33555524;33555540;33555567]
761302265563	-0.30932617	-0.30908203	0.15917969	0.15942383	-0.24267578	-0.24243164	[33554948]
761302265564	-0.3095703	-0.30932617	0.15942383	0.15966797	-0.24243164	-0.2421875	[33555237;33555361;33555656]
761302265565	-0.30932617	-0.30908203	0.15942383	0.15966797	-0.24243164	-0.2421875	[33555541]
761302265566	-0.3095703	-0.30932617	0.15917969	0.15942383	-0.24243164	-0.2421875	[33555456;33555511;33555512]
761302265567	-0.30932617	-0.30908203	0.15917969	0.15942383	-0.24243164	-0.2421875	[33555376]
7613022657	-0.3095703	-0.30859375	0.15820312	0.15917969	-0.24316406	-0.2421875	[33554607]
76134375720	-0.28320312	-0.28271484	0.16064453	0.16113281	-0.20507812	-0.20458984	[33555461]
76134375721	-0.28271484	-0.28222656	0.16064453	0.16113281	-0.20507812	-0.20458984	[33555483]
76134375722	-0.28320312	-0.28271484	0.16015625	0.16064453	-0.20507812	-0.20458984	[33554545]
76134375726	-0.28320312	-0.28271484	0.16015625	0.16064453	-0.20458984	-0.20410156	[33555534]
76134375727	-0.28271484	-0.28222656	0.16015625	0.16064453	-0.20458984	-0.20410156	[33555484]
761347540	-0.2890625	-0.28710938	0.16992188	0.171875	-0.19140625	-0.18945312	[33555000;33555026]
76134754412	-0.28808594	-0.28759766	0.17089844	0.17138672	-0.18945312	-0.18896484	[33554661;33554784;33555340]
76134754413	-0.28759766	-0.28710938	0.17089844	0.17138672	-0.18945312	-0.18896484	[33554689;33554705]
761347544160	-0.28808594	-0.2878418	0.17114258	0.17138672	-0.18896484	-0.1887207	[33555446]
761347544163	-0.2878418	-0.28759766	0.17089844	0.17114258	-0.18896484	-0.1887207	[33554671;33554685;33554875]
76134754417	-0.28759766	-0.28710938	0.17089844	0.17138672	-0.18896484	-0.18847656	[33554809;33554905;33555710]
761347544301	-0.2878418	-0.28759766	0.1706543	0.17089844	-0.18945312	-0.18920898	[33555203]
7613475443051	-0.28771973	-0.28759766	0.17077637	0.17089844	-0.18920898	-0.18908691	[33555420;33555476]
7613475443054	-0.2878418	-0.28771973	0.17077637	0.17089844	-0.18908691	-0.18896484	[33554659]
7613475443056	-0.2878418	-0.28771973	0.1706543	0.17077637	-0.18908691	-0.18896484	[33554488]
761347544306	-0.28808594	-0.2878418	0.17041016	0.1706543	-0.18920898	-0.18896484	[33555204]
76134754431	-0.28759766	-0.28710938	0.17041016	0.17089844	-0.18945312	-0.18896484	[33554909]
76134754434	-0.28808594	-0.28759766	0.17041016	0.17089844	-0.18896484	-0.18847656	[33554721;33554775;33555316]
76134754435	-0.28759766	-0.28710938	0.17041016	0.17089844	-0.18896484	-0.18847656	[33554744]
7613475445	-0.28808594	-0.28710938	0.17089844	0.171875	-0.18847656	-0.1875	[33554573]
761347545	-0.28710938	-0.28515625	0.16992188	0.171875	-0.18945312	-0.1875	[33554527]
761365115	-0.28320312	-0.28125	0.15429688	0.15625	-0.20117188	-0.19921875	[33554892;33555373;33555626]
761365116	-0.28515625	-0.28320312	0.15234375	0.15429688	-0.20117188	-0.19921875	[33555037]
76137	-0.28125	-0.25	0.125	0.15625	-0.21875	-0.1875	[33554581]
7616	-0.375	-0.3125	0.125	0.1875	-0.1875	-0.125	[33554587]
7617	-0.3125	-0.25	0.125	0.1875	-0.1875	-0.125	[33554574;33555344]
763000522	-0.3671875	-0.36523438	0.1171875	0.119140625	-0.2421875	-0.24023438	[33554596]
763000526321	-0.3659668	-0.36572266	0.11743164	0.11767578	-0.24023438	-0.23999023	[33554864]
763000526327	-0.3659668	-0.36572266	0.1171875	0.11743164	-0.23999023	-0.2397461	[33555154;33555337;33555396]
76300052633	-0.36572266	-0.36523438	0.1171875	0.11767578	-0.24023438	-0.2397461	[33554631]
7630007	-0.3671875	-0.359375	0.109375	0.1171875	-0.2421875	-0.234375	[33554559;33554717]
76655554340	-0.38085938	-0.3803711	0.122558594	0.123046875	-0.0029296875	-0.0024414062	[33555363]
76655554344	-0.38085938	-0.3803711	0.122558594	0.123046875	-0.0024414062	-0.001953125	[33554432]
76655554346	-0.38085938	-0.3803711	0.12207031	0.122558594	-0.0024414062	-0.001953125	[33554434;33554653]
76655554347	-0.3803711	-0.3798828	0.12207031	0.122558594	-0.0024414062	-0.001953125	[33554725]
77001	-0.21875	-0.1875	0.21875	0.25	-0.25	-0.21875	[33555253;33555538;33555692]
77003	-0.21875	-0.1875	0.1875	0.21875	-0.25	-0.21875	[33555481]
77004	-0.25	-0.21875	0.21875	0.25	-0.21875	-0.1875	[33554711;33555535]
770066016430	-0.24560547	-0.24536133	0.20043945	0.2006836	-0.20019531	-0.19995117	[33554939]
770066016432	-0.24560547	-0.24536133	0.20019531	0.20043945	-0.20019531	-0.19995117	[33555383]
770066016434	-0.24560547	-0.24536133	0.20043945	0.2006836	-0.19995117	-0.19970703	[33555339]
770066016436	-0.24560547	-0.24536133	0.20019531	0.20043945	-0.19995117	-0.19970703	[33555296]
77020	-0.25	-0.21875	0.15625	0.1875	-0.25	-0.21875	[33554503]
770212	-0.21875	-0.203125	0.15625	0.171875	-0.25	-0.234375	[33554529]
7702132042	-0.203125	-0.20214844	0.16210938	0.16308594	-0.24804688	-0.24707031	[33555309;33555343]
7702132046	-0.203125	-0.20214844	0.16210938	0.16308594	-0.24707031	-0.24609375	[33555027;33555286]
770213206	-0.203125	-0.20117188	0.16015625	0.16210938	-0.24804688	-0.24609375	[33554856;33555222;33555610]
77023	-0.21875	-0.1875	0.125	0.15625	-0.25	-0.21875	[33554593]
77101641	-0.08984375	-0.0859375	0.23046875	0.234375	-0.2265625	-0.22265625	[33555439;33555440;33555528]
77101643	-0.08984375	-0.0859375	0.2265625	0.23046875	-0.2265625	-0.22265625	[33555172]
775	-0.125	0.0	0.125	0.25	-0.125	0.0	[33554556]
776	-0.25	-0.125	0.0	0.125	-0.125	0.0	[33554563]
160	0.0	0.25	0.25	0.5	-0.5	-0.25	[33555277;33555310;33555584]
1611	0.375	0.5	0.375	0.5	-0.5	-0.375	[33554548]
16120002	0.25	0.2578125	0.359375	0.3671875	-0.5	-0.4921875	[33555242]
1612000364	0.2578125	0.25976562	0.36132812	0.36328125	-0.49414062	-0.4921875	[33555067]
1612000366444	0.2578125	0.25805664	0.36108398	0.36132812	-0.49243164	-0.4921875	[33554846;33554877;33555201]
1612000366445	0.25805664	0.25830078	0.36108398	0.36132812	-0.49243164	-0.4921875	[33555139]
16120007	0.2578125	0.265625	0.359375	0.3671875	-0.4921875	-0.484375	[33555663]
162	0.0	0.25	0.0	0.25	-0.5	-0.25	[33554609;33554632]
16327063364	0.32421875	0.3251953	0.032226562	0.033203125	-0.4189453	-0.41796875	[33555477]
16327063366	0.32421875	0.3251953	0.03125	0.032226562	-0.4189453	-0.41796875	[33554506]
1632706336730	0.3256836	0.32592773	0.03149414	0.03173828	-0.4189453	-0.41870117	[33555649]
1632706336731	0.32592773	0.32617188	0.03149414	0.03173828	-0.4189453	-0.41870117	[33555292;33555506;33555571]
1632706336732	0.3256836	0.32592773	0.03125	0.03149414	-0.4189453	-0.41870117	[33555619;33555722]
1632706336735	0.32592773	0.32617188	0.03149414	0.03173828	-0.41870117	-0.41845703	[33555319;33555589]
1632706337	0.32617188	0.328125	0.03125	0.033203125	-0.41992188	-0.41796875	[33555144]
163272	0.3125	0.34375	0.0	0.03125	-0.4375	-0.40625	[33555639]
1636	0.25	0.375	0.0	0.125	-0.375	-0.25	[33554567;33555390]
1637	0.375	0.5	0.0	0.125	-0.375	-0.25	[33555660]
164	0.0	0.25	0.25	0.5	-0.25	0.0	[33554577]
165	0.25	0.5	0.25	0.5	-0.25	0.0	[33555628]
166315734	0.2421875	0.24609375	0.09765625	0.1015625	-0.19921875	-0.1953125	[33554895]
16631573644	0.2421875	0.24316406	0.09667969	0.09765625	-0.19628906	-0.1953125	[33554564;33555081;33555298]
16631573645	0.24316406	0.24414062	0.09667969	0.09765625	-0.19628906	-0.1953125	[33554917;33555229]
16631577261	0.24316406	0.24414062	0.09472656	0.095703125	-0.19335938	-0.19238281	[33554738]
16631577265	0.24316406	0.24414062	0.09472656	0.095703125	-0.19238281	-0.19140625	[33555024;33555114]
16631577267	0.24316406	0.24414062	0.09375	0.09472656	-0.19238281	-0.19140625	[33555155;33555407]
1663157727420	0.24414062	0.24438477	0.0949707	0.095214844	-0.19238281	-0.19213867	[33554782;33555194]
1663157727422	0.24414062	0.24438477	0.09472656	0.0949707	-0.19238281	-0.19213867	[33555485]
1663157727426	0.24414062	0.24438477	0.09472656	0.0949707	-0.19213867	-0.19189453	[33555246;33555325;33555349]
166315772746	0.24414062	0.2446289	0.09472656	0.095214844	-0.19189453	-0.19140625	[33554538;33554973]
166567562153	0.17529297	0.17578125	0.14355469	0.14404297	-0.0068359375	-0.0063476562	[33555180]
16656756215730	0.17553711	0.17565918	0.14367676	0.14379883	-0.0063476562	-0.006225586	[33554433]
16656756215735	0.17565918	0.17578125	0.14367676	0.14379883	-0.006225586	-0.0061035156	[33555104]
16656756215737	0.17565918	0.17578125	0.14355469	0.14367676	-0.006225586	-0.0061035156	[33554810;33554819]
16656756217	0.17480469	0.17578125	0.14257812	0.14355469	-0.0068359375	-0.005859375	[33554745;33555474]
1665675625	0.17382812	0.17578125	0.14257812	0.14453125	-0.005859375	-0.00390625	[33554955]
1667	0.125	0.25	0.0	0.125	-0.125	0.0	[33555459;33555491]
167350033500	0.45117188	0.45166016	0.11279297	0.11328125	-0.18554688	-0.1850586	[33555077;33555214;33555675]
1673500335014	0.45166016	0.4519043	0.11303711	0.11328125	-0.18530273	-0.1850586	[33555055]
1673500335016	0.45166016	0.4519043	0.11279297	0.11303711	-0.18530273	-0.1850586	[33555206;33555353]
1673500335017	0.4519043	0.45214844	0.11279297	0.11303711	-0.18530273	-0.1850586	[33555183]
167350033502	0.45117188	0.45166016	0.11230469	0.11279297	-0.18554688	-0.1850586	[33555708]
167426314622	0.2734375	0.27392578	0.13671875	0.13720703	-0.087890625	-0.087402344	[33554938]
167426314626	0.2734375	0.27392578	0.13671875	0.13720703	-0.087402344	-0.08691406	[33555498]
167426314627	0.27392578	0.27441406	0.13671875	0.13720703	-0.087402344	-0.08691406	[33555005;33555160]
167426314662	0.2734375	0.27392578	0.13671875	0.13720703	-0.08691406	-0.08642578	[33554524;33554992]
167426314663	0.27392578	0.27441406	0.13671875	0.13720703	-0.08691406	-0.08642578	[33554713]
167426314667	0.27392578	0.27441406	0.13671875	0.13720703	-0.08642578	-0.0859375	[33554776]
16742631640	0.2734375	0.27441406	0.13574219	0.13671875	-0.087890625	-0.08691406	[33554801;33555574]
167426316440	0.2734375	0.27392578	0.13623047	0.13671875	-0.08691406	-0.08642578	[33555145;33555307]
167426316441	0.27392578	0.27441406	0.13623047	0.13671875	-0.08691406	-0.08642578	[33554686]
167426316445	0.27392578	0.27441406	0.13623047	0.13671875	-0.08642578	-0.0859375	[33554712;33554959;33555352]
16745	0.3125	0.375	0.1875	0.25	-0.0625	0.0	[33554543]
2500	-0.5	-0.375	-0.125	0.0	-0.5	-0.375	[33554616]
250101	-0.34375	-0.3125	-0.03125	0.0	-0.5	-0.46875	[33554600;33554633;33555031]
2501035	-0.328125	-0.3125	-0.046875	-0.03125	-0.484375	-0.46875	[33554560;33554669]
250103754	-0.3203125	-0.31640625	-0.05078125	-0.046875	-0.47265625	-0.46875	[33554647;33554942]
25010375544	-0.31640625	-0.3154297	-0.047851562	-0.046875	-0.46972656	-0.46875	[33554764]
2501037554604	-0.31640625	-0.3161621	-0.048095703	-0.047851562	-0.46948242	-0.46923828	[33554462;33555581]
2501037554605	-0.3161621	-0.31591797	-0.048095703	-0.047851562	-0.46948242	-0.46923828	[33554438;33554446]
25010375546061	-0.31628418	-0.3161621	-0.048217773	-0.048095703	-0.46948242	-0.46936035	[33555672]
25010375546065	-0.31628418	-0.3161621	-0.048217773	-0.048095703	-0.46936035	-0.46923828	[33554536;33555622]
25010375546067	-0.31628418	-0.3161621	-0.048339844	-0.048217773	-0.46936035	-0.46923828	[33555705]
250103755462	-0.31640625	-0.31591797	-0.048828125	-0.048339844	-0.46972656	-0.46923828	[33554441;33554489;33554521]
250103755464	-0.31640625	-0.31591797	-0.048339844	-0.047851562	-0.46923828	-0.46875	[33554480]
250103755466	-0.31640625	-0.31591797	-0.048828125	-0.048339844	-0.46923828	-0.46875	[33554499;33555128]
250107311	-0.31640625	-0.3125	-0.05078125	-0.046875	-0.46875	-0.46484375	[33554696]
2501073123	-0.31835938	-0.31640625	-0.0546875	-0.052734375	-0.46875	-0.46679688	[33555657]
250107312714	-0.3173828	-0.31689453	-0.053222656	-0.052734375	-0.4663086	-0.4658203	[33554943]
2501073127152	-0.31689453	-0.3166504	-0.053222656	-0.052978516	-0.4663086	-0.46606445	[33555166;33555408]
2501073127153	-0.3166504	-0.31640625	-0.053222656	-0.052978516	-0.4663086	-0.46606445	[33555365;33555609]
2501073127154	-0.31689453	-0.3166504	-0.052978516	-0.052734375	-0.46606445	-0.4658203	[33554956]
250107312717	-0.31689453	-0.31640625	-0.053710938	-0.053222656	-0.4663086	-0.4658203	[33554962]
25010731275	-0.3173828	-0.31640625	-0.053710938	-0.052734375	-0.4658203	-0.46484375	[33555181]
2501073130	-0.31640625	-0.31445312	-0.052734375	-0.05078125	-0.46875	-0.46679688	[33555129;33555157]
25010731320	-0.31640625	-0.3154297	-0.053710938	-0.052734375	-0.46875	-0.46777344	[33554520]
25010731321	-0.3154297	-0.31445312	-0.053710938	-0.052734375	-0.46875	-0.46777344	[33554868]
250107313231	-0.3149414	-0.31445312	-0.05419922	-0.053710938	-0.46875	-0.46826172	[33554867]
250107313234	-0.3154297	-0.3149414	-0.05419922	-0.053710938	-0.46826172	-0.46777344	[33554822;33554893;33554914]
25010731324	-0.31640625	-0.3154297	-0.053710938	-0.052734375	-0.46777344	-0.46679688	[33555101;33555318;33555555]
25010731325	-0.3154297	-0.31445312	-0.053710938	-0.052734375	-0.46777344	-0.46679688	[33554831;33554848]
25010731327	-0.3154297	-0.31445312	-0.0546875	-0.053710938	-0.46777344	-0.46679688	[33555063]
2501073136	-0.31640625	-0.31445312	-0.0546875	-0.052734375	-0.46679688	-0.46484375	[33555167;33555466]
250107315	-0.31640625	-0.3125	-0.05078125	-0.046875	-0.46484375	-0.4609375	[33554561]
25013400013	-0.3095703	-0.30859375	-0.064453125	-0.06347656	-0.46875	-0.46777344	[33554894]
2501340001701	-0.30932617	-0.30908203	-0.0637207	-0.06347656	-0.46777344	-0.4675293	[33555399]
2501340001702	-0.3095703	-0.30932617	-0.063964844	-0.0637207	-0.46777344	-0.4675293	[33554471]
2501340001703	-0.30932617	-0.30908203	-0.063964844	-0.0637207	-0.46777344	-0.4675293	[33554439;33555507;33555704]
2501340001705	-0.30932617	-0.30908203	-0.0637207	-0.06347656	-0.4675293	-0.46728516	[33554748;33555642]
2501340001706	-0.3095703	-0.30932617	-0.063964844	-0.0637207	-0.4675293	-0.46728516	[33554463;33554736;33554832]
2501340001707	-0.30932617	-0.30908203	-0.063964844	-0.0637207	-0.4675293	-0.46728516	[33554456;33554815]
250134000171	-0.30908203	-0.30859375	-0.063964844	-0.06347656	-0.46777344	-0.46728516	[33554642]
2501340001720	-0.3095703	-0.30932617	-0.064208984	-0.063964844	-0.46777344	-0.4675293	[33554743;33555289]
2501340001721	-0.30932617	-0.30908203	-0.064208984	-0.063964844	-0.46777344	-0.4675293	[33554869]
2501340001724	-0.3095703	-0.30932617	-0.064208984	-0.063964844	-0.4675293	-0.46728516	[33554495]
2501340001725	-0.30932617	-0.30908203	-0.064208984	-0.063964844	-0.4675293	-0.46728516	[33555495]
250134000173	-0.30908203	-0.30859375	-0.064453125	-0.063964844	-0.46777344	-0.46728516	[33555062]
250134001	-0.30859375	-0.3046875	-0.06640625	-0.0625	-0.46875	-0.46484375	[33554498]
2501422	-0.375	-0.359375	-0.0625	-0.046875	-0.4375	-0.421875	[33555523;33555582]
25014234	-0.359375	-0.3515625	-0.0546875	-0.046875	-0.4296875	-0.421875	[33554599]
25014236	-0.359375	-0.3515625	-0.0625	-0.0546875	-0.4296875	-0.421875	[33555673;33555674;33555706]
2501424	-0.375	-0.359375	-0.046875	-0.03125	-0.421875	-0.40625	[33555643]
250142653721	-0.36083984	-0.36035156	-0.05419922	-0.053710938	-0.41210938	-0.4116211	[33554830;33555115;33555257]
250142653723	-0.36083984	-0.36035156	-0.0546875	-0.05419922	-0.41210938	-0.4116211	[33555262]
2501426537251	-0.3605957	-0.36035156	-0.053955078	-0.053710938	-0.4116211	-0.41137695	[33555211]
2501426537253	-0.3605957	-0.36035156	-0.05419922	-0.053955078	-0.4116211	-0.41137695	[33555103]
2501426537257	-0.3605957	-0.36035156	-0.05419922	-0.053955078	-0.41137695	-0.4111328	[33555001;33555707]
250142653730	-0.36035156	-0.35986328	-0.05419922	-0.053710938	-0.41210938	-0.4116211	[33554898;33554899]
250142653734	-0.36035156	-0.35986328	-0.05419922	-0.053710938	-0.4116211	-0.4111328	[33555486]
250142653736	-0.36035156	-0.35986328	-0.0546875	-0.05419922	-0.4116211	-0.4111328	[33555583]
25014265376	-0.36132812	-0.36035156	-0.0546875	-0.053710938	-0.4111328	-0.41015625	[33555102;33555142]
250223453730	-0.45410156	-0.45361328	-0.22607422	-0.22558594	-0.47460938	-0.4741211	[33554880]
2502234537311	-0.45336914	-0.453125	-0.22583008	-0.22558594	-0.47460938	-0.47436523	[33555326]
2502234537314	-0.45361328	-0.45336914	-0.22583008	-0.22558594	-0.47436523	-0.4741211	[33555030]
2502234537315	-0.45336914	-0.453125	-0.22583008	-0.22558594	-0.47436523	-0.4741211	[33555156]
2502234537316	-0.45361328	-0.45336914	-0.22607422	-0.22583008	-0.47436523	-0.4741211	[33555553]
250223453734	-0.45410156	-0.45361328	-0.22607422	-0.22558594	-0.4741211	-0.4736328	[33554980]
250223453735	-0.45361328	-0.453125	-0.22607422	-0.22558594	-0.4741211	-0.4736328	[33555256;33555391]
250223453737	-0.45361328	-0.453125	-0.2265625	-0.22607422	-0.4741211	-0.4736328	[33554928]
25022345375	-0.45410156	-0.453125	-0.22558594	-0.22460938	-0.4736328	-0.47265625	[33555061]
25022345377	-0.45410156	-0.453125	-0.2265625	-0.22558594	-0.4736328	-0.47265625	[33554866;33554927]
2502235	-0.453125	-0.4375	-0.234375	-0.21875	-0.484375	-0.46875	[33555046]
25023	-0.4375	-0.375	-0.25	-0.1875	-0.5	-0.4375	[33555465;33555554]
252001	-0.46875	-0.4375	-0.28125	-0.25	-0.5	-0.46875	[33555398;33555573;33555703]
252007	-0.46875	-0.4375	-0.3125	-0.28125	-0.46875	-0.4375	[33554558;33555080;33555492]
25201	-0.4375	-0.375	-0.3125	-0.25	-0.5	-0.4375	[33554615;33555533]
252623172332	-0.4423828	-0.44189453	-0.484375	-0.48388672	-0.3671875	-0.36669922	[33554557]
252623172335	-0.44189453	-0.44140625	-0.48388672	-0.48339844	-0.36669922	-0.36621094	[33555520]
2526231723370	-0.44189453	-0.4416504	-0.48413086	-0.48388672	-0.36669922	-0.36645508	[33554714]
2526231723373	-0.4416504	-0.44140625	-0.484375	-0.48413086	-0.36669922	-0.36645508	[33555011]
2526231723374	-0.44189453	-0.4416504	-0.48413086	-0.48388672	-0.36645508	-0.36621094	[33554749]
2526231723376	-0.44189453	-0.4416504	-0.484375	-0.48413086	-0.36645508	-0.36621094	[33554493;33555346]
2526231723377	-0.4416504	-0.44140625	-0.484375	-0.48413086	-0.36645508	-0.36621094	[33555429]
25262317237	-0.4423828	-0.44140625	-0.484375	-0.48339844	-0.36621094	-0.36523438	[33555010;33555176;33555335]
2526233436	-0.44921875	-0.44726562	-0.4921875	-0.49023438	-0.36523438	-0.36328125	[33555124]
252623343764	-0.44726562	-0.44677734	-0.49169922	-0.49121094	-0.36376953	-0.36328125	[33554675]
252623343765	-0.44677734	-0.44628906	-0.49169922	-0.49121094	-0.36376953	-0.36328125	[33554752]
252623343766	-0.44726562	-0.44677734	-0.4921875	-0.49169922	-0.36376953	-0.36328125	[33554672;33554977]
2526233472330	-0.4477539	-0.44750977	-0.49194336	-0.49169922	-0.36328125	-0.3630371	[33555518]
25262334723311	-0.4473877	-0.44726562	-0.4918213	-0.49169922	-0.36328125	-0.36315918	[33555226]
25262334723313	-0.4473877	-0.44726562	-0.49194336	-0.4918213	-0.36328125	-0.36315918	[33555572]
25262334723315	-0.4473877	-0.44726562	-0.4918213	-0.49169922	-0.36315918	-0.3630371	[33554452]
25262334723317	-0.4473877	-0.44726562	-0.49194336	-0.4918213	-0.36315918	-0.3630371	[33555698]
2526233472332	-0.4477539	-0.44750977	-0.4921875	-0.49194336	-0.36328125	-0.3630371	[33555191;33555282]
2526233472335	-0.44750977	-0.44726562	-0.49194336	-0.49169922	-0.3630371	-0.36279297	[33555418]
2526233472336	-0.4477539	-0.44750977	-0.4921875	-0.49194336	-0.3630371	-0.36279297	[33555125]
2526233472337	-0.44750977	-0.44726562	-0.4921875	-0.49194336	-0.3630371	-0.36279297	[33554935;33555244]
252623347237	-0.4477539	-0.44726562	-0.4921875	-0.49169922	-0.36279297	-0.3623047	[33555072]
2526233473	-0.44726562	-0.4453125	-0.4921875	-0.49023438	-0.36328125	-0.36132812	[33554451;33554479;33554687]
252623350111	-0.44189453	-0.44140625	-0.48486328	-0.484375	-0.3671875	-0.36669922	[33554913]
252623350115	-0.44189453	-0.44140625	-0.48486328	-0.484375	-0.36669922	-0.36621094	[33554847;33555140;33555271]
25262335015	-0.4423828	-0.44140625	-0.48535156	-0.484375	-0.36621094	-0.36523438	[33555003;33555165;33555358]
25262335032	-0.44335938	-0.4423828	-0.48828125	-0.4873047	-0.3671875	-0.36621094	[33555640;33555666]
252623350360	-0.44335938	-0.4428711	-0.48779297	-0.4873047	-0.36621094	-0.36572266	[33555519;33555549]
252623350362	-0.44335938	-0.4428711	-0.48828125	-0.48779297	-0.36621094	-0.36572266	[33555590;33555667]
252623351	-0.44140625	-0.4375	-0.48828125	-0.484375	-0.3671875	-0.36328125	[33555075]
25262336	-0.453125	-0.4453125	-0.5	-0.4921875	-0.3671875	-0.359375	[33554947]
2526233741	-0.44335938	-0.44140625	-0.49414062	-0.4921875	-0.36328125	-0.36132812	[33554444;33554802;33554813]
2526233745303	-0.44213867	-0.44189453	-0.49365234	-0.4934082	-0.36132812	-0.36108398	[33554440]
2526233745305	-0.44213867	-0.44189453	-0.4934082	-0.49316406	-0.36108398	-0.36083984	[33555112]
2526233745307	-0.44213867	-0.44189453	-0.49365234	-0.4934082	-0.36108398	-0.36083984	[33554812;33554842]
252623374531	-0.44189453	-0.44140625	-0.49365234	-0.49316406	-0.36132812	-0.36083984	[33554437;33554693;33554724]
252623374532	-0.4423828	-0.44189453	-0.49414062	-0.49365234	-0.36132812	-0.36083984	[33554436;33554852]
252623374533	-0.44189453	-0.44140625	-0.49414062	-0.49365234	-0.36132812	-0.36083984	[33554795;33555419]
252623374535	-0.44189453	-0.44140625	-0.49365234	-0.49316406	-0.36083984	-0.36035156	[33554460]
252623374536	-0.4423828	-0.44189453	-0.49414062	-0.49365234	-0.36083984	-0.36035156	[33554699;33554716]
252623374537	-0.44189453	-0.44140625	-0.49414062	-0.49365234	-0.36083984	-0.36035156	[33554450;33555111;33555443]
25262337457	-0.4423828	-0.44140625	-0.49414062	-0.49316406	-0.36035156	-0.359375	[33554735]
2526237	-0.453125	-0.4375	-0.5	-0.484375	-0.359375	-0.34375	[33554614;33555564;33555632]
25265	-0.4375	-0.375	-0.4375	-0.375	-0.3125	-0.25	[33554630]
25276705722	-0.33203125	-0.3310547	-0.4765625	-0.47558594	-0.26953125	-0.2685547	[33554586;33554941;33555020]
25276705723	-0.3310547	-0.33007812	-0.4765625	-0.47558594	-0.26953125	-0.2685547	[33554753]
253200	-0.25	-0.21875	-0.40625	-0.375	-0.5	-0.46875	[33555487]
2532027141544	-0.22363281	-0.22338867	-0.42211914	-0.421875	-0.47875977	-0.47851562	[33554836;33554951]
2532027141545	-0.22338867	-0.22314453	-0.42211914	-0.421875	-0.47875977	-0.47851562	[33555332;33555434;33555453]
253202714155	-0.22314453	-0.22265625	-0.42236328	-0.421875	-0.4790039	-0.47851562	[33555207]
253202714510	-0.22363281	-0.22314453	-0.42236328	-0.421875	-0.47851562	-0.47802734	[33554929]
253202714511	-0.22314453	-0.22265625	-0.42236328	-0.421875	-0.47851562	-0.47802734	[33554805;33555044]
253202714513	-0.22314453	-0.22265625	-0.42285156	-0.42236328	-0.47851562	-0.47802734	[33554617;33555699]
253202715	-0.22265625	-0.21875	-0.42578125	-0.421875	-0.48046875	-0.4765625	[33555060]
25320275	-0.2265625	-0.21875	-0.4296875	-0.421875	-0.4765625	-0.46875	[33554703;33555448;33555668]
2533	-0.125	0.0	-0.5	-0.375	-0.5	-0.375	[33554584;33555301]
2537	-0.125	0.0	-0.5	-0.375	-0.375	-0.25	[33555161;33555284;33555578]
255	-0.25	0.0	-0.25	0.0	-0.25	0.0	[33555243]
257	-0.25	0.0	-0.5	-0.25	-0.25	0.0	[33554553;33555537]
3435	0.375	0.5	-0.375	-0.25	-0.375	-0.25	[33554605]
343740376	0.3984375	0.40234375	-0.40625	-0.40234375	-0.30078125	-0.296875	[33554763;33554949]
34374037764	0.40234375	0.4033203	-0.40527344	-0.40429688	-0.29785156	-0.296875	[33555012]
343740377662	0.40234375	0.40283203	-0.40625	-0.40576172	-0.29785156	-0.29736328	[33554688;33554858;33554890]
343740377664	0.40234375	0.40283203	-0.40576172	-0.40527344	-0.29736328	-0.296875	[33554700]
343740377666	0.40234375	0.40283203	-0.40625	-0.40576172	-0.29736328	-0.296875	[33554494;33555676]
343740377667	0.40283203	0.4033203	-0.40625	-0.40576172	-0.29736328	-0.296875	[33554679;33555073]
3437407	0.390625	0.40625	-0.40625	-0.390625	-0.296875	-0.28125	[33554662;33554978]
343741	0.40625	0.4375	-0.40625	-0.375	-0.3125	-0.28125	[33555475]
343742154551	0.40185547	0.40234375	-0.40673828	-0.40625	-0.29785156	-0.29736328	[33554654]
343742154555	0.40185547	0.40234375	-0.40673828	-0.40625	-0.29736328	-0.296875	[33554519;33555306;33555348]
343742154557	0.40185547	0.40234375	-0.40722656	-0.40673828	-0.29736328	-0.296875	[33554701]
343742155	0.40234375	0.40625	-0.41015625	-0.40625	-0.30078125	-0.296875	[33554742;33554786;33555596]
3437425	0.390625	0.40625	-0.421875	-0.40625	-0.296875	-0.28125	[33555018]
343775312745	0.4946289	0.4951172	-0.45947266	-0.45898438	-0.27783203	-0.27734375	[33555505]
343775312747	0.4946289	0.4951172	-0.45996094	-0.45947266	-0.27783203	-0.27734375	[33555127;33555504;33555575]
344	0.0	0.25	-0.25	0.0	-0.25	0.0	[33554618]
345	0.25	0.5	-0.25	0.0	-0.25	0.0	[33554641]
34654043653	0.13574219	0.13671875	-0.26367188	-0.2626953	-0.041015625	-0.040039062	[33555516;33555650;33555651]
34654043657	0.13574219	0.13671875	-0.26367188	-0.2626953	-0.040039062	-0.0390625	[33555173;33555473;33555547]
346540437	0.13671875	0.140625	-0.265625	-0.26171875	-0.04296875	-0.0390625	[33554601]
3473	0.375	0.5	-0.5	-0.375	-0.25	-0.125	[33554591]
3475014015	0.41210938	0.4140625	-0.25195312	-0.25	-0.107421875	-0.10546875	[33554505]
347501401710	0.41308594	0.41357422	-0.2524414	-0.25195312	-0.107421875	-0.106933594	[33555697]
347501401711	0.41357422	0.4140625	-0.2524414	-0.25195312	-0.107421875	-0.106933594	[33554888]
347501401712	0.41308594	0.41357422	-0.2529297	-0.2524414	-0.107421875	-0.106933594	[33555023;33555123]
347501401715	0.41357422	0.4140625	-0.2524414	-0.25195312	-0.106933594	-0.10644531	[33554768]
347501401716	0.41308594	0.41357422	-0.2529297	-0.2524414	-0.106933594	-0.10644531	[33555417]
34750140173	0.41308594	0.4140625	-0.25390625	-0.2529297	-0.107421875	-0.10644531	[33554734]
347501403	0.41015625	0.4140625	-0.2578125	-0.25390625	-0.109375	-0.10546875	[33555260;33555607;33555653]
3476	0.25	0.375	-0.5	-0.375	-0.125	0.0	[33555433;33555719]
430	-0.5	-0.25	0.25	0.5	0.0	0.25	[33554590]
4310	-0.25	-0.125	0.375	0.5	0.0	0.125	[33555690]
4316471734375	-0.18969727	-0.18945312	0.33032227	0.3305664	0.22924805	0.22949219	[33555385]
4316471734377	-0.18969727	-0.18945312	0.33007812	0.33032227	0.22924805	0.22949219	[33554555;33554999;33555241]
4316471735	-0.18945312	-0.1875	0.33007812	0.33203125	0.22851562	0.23046875	[33554681;33555059]
4316471736	-0.19140625	-0.18945312	0.328125	0.33007812	0.22851562	0.23046875	[33555658]
43166	-0.25	-0.1875	0.25	0.3125	0.1875	0.25	[33554628]
43200	-0.5	-0.4375	0.1875	0.25	0.0	0.0625	[33554535;33554597;33555422]
4320610572733	-0.45532227	-0.45507812	0.1796875	0.17993164	0.07519531	0.07543945	[33555595]
4320610572735	-0.45532227	-0.45507812	0.17993164	0.18017578	0.07543945	0.075683594	[33555702]
4320610572737	-0.45532227	-0.45507812	0.1796875	0.17993164	0.07543945	0.075683594	[33555239;33555356]
432061057277	-0.4555664	-0.45507812	0.1796875	0.18017578	0.075683594	0.076171875	[33555384]
4320610573	-0.45507812	-0.453125	0.1796875	0.18164062	0.07421875	0.076171875	[33555033;33555086;33555364]
4320611462	-0.453125	-0.45117188	0.1796875	0.18164062	0.07421875	0.076171875	[33554844;33554972;33555187]
432061146612	-0.45214844	-0.45166016	0.18066406	0.18115234	0.076171875	0.076660156	[33554720;33554971]
432061146613	-0.45166016	-0.45117188	0.18066406	0.18115234	0.076171875	0.076660156	[33554979;33554998]
43206114662	-0.453125	-0.45214844	0.1796875	0.18066406	0.076171875	0.07714844	[33555053;33555209]
43206114663	-0.45214844	-0.45117188	0.1796875	0.18066406	0.076171875	0.07714844	[33555138;33555148]
43240126	-0.46875	-0.4609375	0.21875	0.2265625	0.1328125	0.140625	[33554718;33554803]
4324012746023	-0.46069336	-0.46044922	0.22363281	0.22387695	0.13867188	0.13891602	[33554496]
43240127460243	-0.46081543	-0.46069336	0.22387695	0.22399902	0.13891602	0.13903809	[33554504]
43240127460244	-0.4609375	-0.46081543	0.22399902	0.2241211	0.13903809	0.13916016	[33554549;33554652]
43240127460245	-0.46081543	-0.46069336	0.22399902	0.2241211	0.13903809	0.13916016	[33554849]
43240127464	-0.4609375	-0.45996094	0.22363281	0.22460938	0.13964844	0.140625	[33554857]
43247	-0.4375	-0.375	0.125	0.1875	0.1875	0.25	[33555272;33555401;33555449]
4325	-0.375	-0.25	0.125	0.25	0.125	0.25	[33554598]
4330	-0.25	-0.125	0.125	0.25	0.0	0.125	[33554500;33554568;33554635]
433101072	-0.0859375	-0.08203125	0.234375	0.23828125	0.0078125	0.01171875	[33555482;33555629;33555714]
433101076	-0.0859375	-0.08203125	0.234375	0.23828125	0.01171875	0.015625	[33554785]
433106	-0.125	-0.09375	0.1875	0.21875	0.03125	0.0625	[33554507;33555317]
4333	-0.125	0.0	0.0	0.125	0.0	0.125	[33554511]
4334	-0.25	-0.125	0.125	0.25	0.125	0.25	[33554540;33555636]
4336	-0.25	-0.125	0.0	0.125	0.125	0.25	[33555603;33555718]
434	-0.5	-0.25	0.25	0.5	0.25	0.5	[33555303;33555529;33555606]
4350371031465	-0.13452148	-0.13427734	0.40161133	0.40185547	0.28295898	0.28320312	[33554865]
4350371031466	-0.13476562	-0.13452148	0.4013672	0.40161133	0.28295898	0.28320312	[33555069;33555224;33555312]
4350371031640	-0.13476562	-0.13452148	0.40112305	0.4013672	0.28271484	0.28295898	[33555539;33555617]
4350371031641	-0.13452148	-0.13427734	0.40112305	0.4013672	0.28271484	0.28295898	[33555295;33555370]
4350371031644	-0.13476562	-0.13452148	0.40112305	0.4013672	0.28295898	0.28320312	[33554839]
4350371031645	-0.13452148	-0.13427734	0.40112305	0.4013672	0.28295898	0.28320312	[33554889]
4350371034	-0.13671875	-0.13476562	0.40039062	0.40234375	0.28320312	0.28515625	[33555084;33555170]
4353	-0.125	0.0	0.25	0.375	0.25	0.375	[33555570]
4354	-0.25	-0.125	0.375	0.5	0.375	0.5	[33554583]
435722262121	-0.122558594	-0.12207031	0.2524414	0.2529297	0.3828125	0.38330078	[33554876;33555333]
435722262122	-0.123046875	-0.122558594	0.25195312	0.2524414	0.3828125	0.38330078	[33554944]
435722262124	-0.123046875	-0.122558594	0.2524414	0.2529297	0.38330078	0.38378906	[33554851]
435722262125	-0.122558594	-0.12207031	0.2524414	0.2529297	0.38330078	0.38378906	[33555414]
435722262126	-0.123046875	-0.122558594	0.25195312	0.2524414	0.38330078	0.38378906	[33554544]
4357222621271	-0.12231445	-0.12207031	0.25219727	0.2524414	0.38330078	0.38354492	[33555379;33555404]
4357222621274	-0.122558594	-0.12231445	0.25219727	0.2524414	0.38354492	0.38378906	[33554664]
4357222621275	-0.12231445	-0.12207031	0.25219727	0.2524414	0.38354492	0.38378906	[33554970]
4357222621276	-0.122558594	-0.12231445	0.25195312	0.25219727	0.38354492	0.38378906	[33555120]
43572226216	-0.123046875	-0.12207031	0.25195312	0.2529297	0.38378906	0.38476562	[33555035]
435722262344	-0.123046875	-0.122558594	0.25146484	0.25195312	0.38427734	0.38476562	[33554994]
435722262345	-0.122558594	-0.12207031	0.25146484	0.25195312	0.38427734	0.38476562	[33554570;33554987;33555200]
43572226235	-0.12207031	-0.12109375	0.25097656	0.25195312	0.38378906	0.38476562	[33555526]
4357222627	-0.123046875	-0.12109375	0.25	0.25195312	0.38476562	0.38671875	[33554910;33554932]
4371	-0.125	0.0	0.125	0.25	0.25	0.375	[33554534]
43741	-0.1875	-0.125	0.1875	0.25	0.375	0.4375	[33554620;33555210;33555415]
43745015541	-0.15917969	-0.15820312	0.24902344	0.25	0.45117188	0.45214844	[33554510]
437450155434	-0.15917969	-0.1586914	0.24853516	0.24902344	0.45166016	0.45214844	[33555502;33555616;33555647]
43745015543502	-0.1586914	-0.15856934	0.2487793	0.24890137	0.45166016	0.45178223	[33555604]
43745015543503	-0.15856934	-0.15844727	0.2487793	0.24890137	0.45166016	0.45178223	[33555302;33555413]
43745015543506	-0.1586914	-0.15856934	0.2487793	0.24890137	0.45178223	0.4519043	[33555525]
4374501554352	-0.1586914	-0.15844727	0.24853516	0.2487793	0.45166016	0.4519043	[33554829]
4374501554353	-0.15844727	-0.15820312	0.24853516	0.2487793	0.45166016	0.4519043	[33555188]
43745015543542	-0.1586914	-0.15856934	0.2487793	0.24890137	0.4519043	0.45202637	[33554525]
43745015543543	-0.15856934	-0.15844727	0.2487793	0.24890137	0.4519043	0.45202637	[33554678;33554887;33555223]
43745015543546	-0.1586914	-0.15856934	0.2487793	0.24890137	0.45202637	0.45214844	[33554692]
4374501554356	-0.1586914	-0.15844727	0.24853516	0.2487793	0.4519043	0.45214844	[33555288;33555386]
4374501555	-0.15820312	-0.15625	0.24804688	0.25	0.45117188	0.453125	[33555149]
52010175061	0.18066406	0.18164062	0.4814453	0.48242188	0.025390625	0.026367188	[33554808;33555652;33555696]
52010175062	0.1796875	0.18066406	0.48046875	0.4814453	0.025390625	0.026367188	[33554502]
52010175064	0.1796875	0.18066406	0.4814453	0.48242188	0.026367188	0.02734375	[33554552;33554787]
52010175066	0.1796875	0.18066406	0.48046875	0.4814453	0.026367188	0.02734375	[33554575]
520101752	0.1796875	0.18359375	0.4765625	0.48046875	0.0234375	0.02734375	[33554501]
520340546442	0.140625	0.14111328	0.3701172	0.37060547	0.09277344	0.09326172	[33554881]
520340546446	0.140625	0.14111328	0.3701172	0.37060547	0.09326172	0.09375	[33554550;33555278;33555368]
520340546447	0.14111328	0.14160156	0.3701172	0.37060547	0.09326172	0.09375	[33555311]
52052305760	0.16796875	0.16894531	0.39941406	0.40039062	0.13867188	0.13964844	[33555377;33555378;33555630]
52052305764	0.16796875	0.16894531	0.39941406	0.40039062	0.13964844	0.140625	[33555559;33555618;33555648]
52057	0.1875	0.25	0.375	0.4375	0.1875	0.25	[33554551]
52061	0.0625	0.125	0.3125	0.375	0.125	0.1875	[33555501]
520657325	0.11328125	0.1171875	0.31640625	0.3203125	0.22265625	0.2265625	[33554518]
520657326	0.109375	0.11328125	0.3125	0.31640625	0.22265625	0.2265625	[33554982;33555041;33555250]
5206573270405	0.11352539	0.11376953	0.3161621	0.31640625	0.22387695	0.2241211	[33555249]
52065732704063	0.11340332	0.11352539	0.31591797	0.31604004	0.22387695	0.22399902	[33555357]
52065732704065	0.11340332	0.11352539	0.31604004	0.3161621	0.22399902	0.2241211	[33555322;33555457]
52065732704066	0.11328125	0.11340332	0.31591797	0.31604004	0.22399902	0.2241211	[33554837]
52065732704067	0.11340332	0.11352539	0.31591797	0.31604004	0.22399902	0.2241211	[33554663;33554774]
52065732704070	0.11352539	0.11364746	0.31604004	0.3161621	0.22387695	0.22399902	[33554729]
52065732704074	0.11352539	0.11364746	0.31604004	0.3161621	0.22399902	0.2241211	[33555623]
52065732704077	0.11364746	0.11376953	0.31591797	0.31604004	0.22399902	0.2241211	[33554740;33555556]
520657327041	0.11376953	0.11425781	0.31591797	0.31640625	0.22363281	0.2241211	[33555038]
520657327043	0.11376953	0.11425781	0.3154297	0.31591797	0.22363281	0.2241211	[33554684]
520657327044	0.11328125	0.11376953	0.31591797	0.31640625	0.2241211	0.22460938	[33555515]
520657327045	0.11376953	0.11425781	0.31591797	0.31640625	0.2241211	0.22460938	[33555078]
52065733	0.1171875	0.125	0.3125	0.3203125	0.21875	0.2265625	[33555323]
5207	0.125	0.25	0.25	0.375	0.125	0.25	[33554644]
5212	0.25	0.375	0.25	0.375	0.0	0.125	[33555395;33555685;33555686]
52134	0.375	0.4375	0.3125	0.375	0.0625	0.125	[33554961;33555066]
52136010	0.390625	0.3984375	0.3046875	0.3125	0.0625	0.0703125	[33554576;33554638;33555190]
52136014	0.390625	0.3984375	0.3046875	0.3125	0.0703125	0.078125	[33554626;33555369]
52136016012	0.39257812	0.3935547	0.30273438	0.30371094	0.0703125	0.07128906	[33554508]
5213601601633	0.39331055	0.3935547	0.30273438	0.30297852	0.07128906	0.0715332	[33555050;33555174]
52136016016350	0.39331055	0.39343262	0.3031006	0.30322266	0.0715332	0.07165527	[33554799;33555530;33555562]
52136016016351	0.39343262	0.3935547	0.3031006	0.30322266	0.0715332	0.07165527	[33555458]
52136016016355	0.39343262	0.3935547	0.3031006	0.30322266	0.07165527	0.071777344	[33554723]
5213601601637	0.39331055	0.3935547	0.30273438	0.30297852	0.0715332	0.071777344	[33554698]
521360160167	0.3930664	0.3935547	0.30273438	0.30322266	0.071777344	0.072265625	[33554926]
52136016017	0.3935547	0.39453125	0.30273438	0.30371094	0.07128906	0.072265625	[33554800;33555416]
5213601603	0.39257812	0.39453125	0.30078125	0.30273438	0.0703125	0.072265625	[33554710]
52177221	0.4453125	0.453125	0.2578125	0.265625	0.1875	0.1953125	[33554925;33554985;33555082]
521772231011	0.4506836	0.45117188	0.25732422	0.2578125	0.1875	0.18798828	[33555068]
521772231013	0.4506836	0.45117188	0.25683594	0.25732422	0.1875	0.18798828	[33554940;33554986]
521772231015	0.4506836	0.45117188	0.25732422	0.2578125	0.18798828	0.18847656	[33555615]
5217722310171	0.45092773	0.45117188	0.25708008	0.25732422	0.18798828	0.18823242	[33555411]
5217722310175	0.45092773	0.45117188	0.25708008	0.25732422	0.18823242	0.18847656	[33555019]
52177223101772	0.45092773	0.4510498	0.25683594	0.256958	0.18823242	0.18835449	[33554984]
52177223101773	0.4510498	0.45117188	0.25683594	0.256958	0.18823242	0.18835449	[33554827;33554872;33554904]
52177223101777	0.4510498	0.45117188	0.25683594	0.256958	0.18835449	0.18847656	[33554772]
52177223103	0.4501953	0.45117188	0.25585938	0.25683594	0.1875	0.18847656	[33554645]
521772231100	0.45117188	0.45166016	0.25732422	0.2578125	0.1875	0.18798828	[33555341;33555586;33555645]
5217722311042	0.45117188	0.45141602	0.25732422	0.25756836	0.18798828	0.18823242	[33555366]
5217722311043	0.45141602	0.45166016	0.25732422	0.25756836	0.18798828	0.18823242	[33555400]
5217722311045	0.45141602	0.45166016	0.25756836	0.2578125	0.18823242	0.18847656	[33555478]
5217722311046	0.45117188	0.45141602	0.25732422	0.25756836	0.18823242	0.18847656	[33555601]
5217722311047	0.45141602	0.45166016	0.25732422	0.25756836	0.18823242	0.18847656	[33555467]
52177223110600	0.45117188	0.45129395	0.25720215	0.25732422	0.18798828	0.18811035	[33555682]
52177223110606	0.45117188	0.45129395	0.25708008	0.25720215	0.18811035	0.18823242	[33554783;33554833]
52177223110607	0.45129395	0.45141602	0.25708008	0.25720215	0.18811035	0.18823242	[33555247]
5217722311062	0.45117188	0.45141602	0.25683594	0.25708008	0.18798828	0.18823242	[33554651]
5217723	0.453125	0.46875	0.25	0.265625	0.1875	0.203125	[33555264;33555712]
5230	0.25	0.375	0.125	0.25	0.0	0.125	[33554565]
52315632640	0.453125	0.45410156	0.19042969	0.19140625	0.099609375	0.10058594	[33555132]
523156326411	0.45458984	0.45507812	0.19091797	0.19140625	0.099609375	0.100097656	[33555351]
523156326412	0.45410156	0.45458984	0.19042969	0.19091797	0.099609375	0.100097656	[33555350;33555410]
523156326413	0.45458984	0.45507812	0.19042969	0.19091797	0.099609375	0.100097656	[33554715;33555300]
5231563265	0.45507812	0.45703125	0.18945312	0.19140625	0.099609375	0.1015625	[33554804]
5235	0.375	0.5	0.125	0.25	0.125	0.25	[33554539]
5236	0.25	0.375	0.0	0.125	0.125	0.25	[33554541]
5240430714	0.04296875	0.044921875	0.45898438	0.4609375	0.32226562	0.32421875	[33555313]
5240430716	0.04296875	0.044921875	0.45703125	0.45898438	0.32226562	0.32421875	[33555108]
524043071700	0.044921875	0.045410156	0.4584961	0.45898438	0.32226562	0.3227539	[33555150]
524043071704	0.044921875	0.045410156	0.4584961	0.45898438	0.3227539	0.3232422	[33555043;33555093;33555679]
52427075070	0.087890625	0.08886719	0.2939453	0.29492188	0.33789062	0.3388672	[33555624]
52427075072	0.087890625	0.08886719	0.29296875	0.2939453	0.33789062	0.3388672	[33555054]
52427075074	0.087890625	0.08886719	0.2939453	0.29492188	0.3388672	0.33984375	[33555014;33555464;33555611]
52427075076	0.087890625	0.08886719	0.29296875	0.2939453	0.3388672	0.33984375	[33555597;33555625]
5245	0.125	0.25	0.375	0.5	0.375	0.5	[33554594]
52461365650	0.103515625	0.10449219	0.3232422	0.32421875	0.40429688	0.40527344	[33554759]
524613656524	0.103515625	0.104003906	0.3227539	0.3232422	0.40478516	0.40527344	[33554458]
524613656525	0.104003906	0.10449219	0.3227539	0.3232422	0.40478516	0.40527344	[33554670;33554788;33554824]
52461365653	0.10449219	0.10546875	0.32226562	0.3232422	0.40429688	0.40527344	[33554435;33554475;33554840]
5246136565610	0.104003906	0.10424805	0.32299805	0.3232422	0.40527344	0.40551758	[33554758]
5246136565611	0.10424805	0.10449219	0.32299805	0.3232422	0.40527344	0.40551758	[33554841;33554900]
5246136565612	0.104003906	0.10424805	0.3227539	0.32299805	0.40527344	0.40551758	[33554447]
5246136565613	0.10424805	0.10449219	0.3227539	0.32299805	0.40527344	0.40551758	[33554445;33554459]
52461365657	0.10449219	0.10546875	0.32226562	0.3232422	0.40527344	0.40625	[33554751;33555039]
5246501052	0.08203125	0.083984375	0.37109375	0.37304688	0.44140625	0.44335938	[33555121;33555232]
5246501056	0.08203125	0.083984375	0.37109375	0.37304688	0.44335938	0.4453125	[33555613]
5246501057	0.083984375	0.0859375	0.37109375	0.37304688	0.44335938	0.4453125	[33555680]
5246513	0.109375	0.125	0.34375	0.359375	0.4375	0.453125	[33555709]
524651611751	0.10888672	0.109375	0.3569336	0.35742188	0.4560547	0.45654297	[33555678]
524651611754	0.10839844	0.10888672	0.3569336	0.35742188	0.45654297	0.45703125	[33554918;33555189]
524651611755	0.10888672	0.109375	0.3569336	0.35742188	0.45654297	0.45703125	[33554934;33555576]
52465161542	0.10546875	0.10644531	0.35742188	0.35839844	0.45898438	0.45996094	[33554760;33555251;33555279]
524651615433	0.106933594	0.107421875	0.35742188	0.35791016	0.45898438	0.45947266	[33554578;33554871;33554946]
524651615434	0.10644531	0.106933594	0.35791016	0.35839844	0.45947266	0.45996094	[33555071]
5246516154360	0.10644531	0.10668945	0.35766602	0.35791016	0.45947266	0.4597168	[33555438]
52465161543641	0.10656738	0.10668945	0.3577881	0.35791016	0.4597168	0.45983887	[33554492;33555426;33555612]
52465161543646	0.10644531	0.10656738	0.35766602	0.3577881	0.45983887	0.45996094	[33554963]
524651615461	0.10595703	0.10644531	0.35791016	0.35839844	0.45996094	0.46044922	[33554907]
5246516154630	0.10595703	0.10620117	0.35766602	0.35791016	0.45996094	0.46020508	[33554883]
5246516154631	0.10620117	0.10644531	0.35766602	0.35791016	0.45996094	0.46020508	[33554733;33555394]
5246516154634	0.10595703	0.10620117	0.35766602	0.35791016	0.46020508	0.46044922	[33554919;33554945]
5246516154635	0.10620117	0.10644531	0.35766602	0.35791016	0.46020508	0.46044922	[33555480;33555527]
524651615466	0.10546875	0.10595703	0.35742188	0.35791016	0.46044922	0.4609375	[33554901;33554906;33554988]
524651615470	0.10644531	0.106933594	0.35791016	0.35839844	0.45996094	0.46044922	[33555503]
524651615472	0.10644531	0.106933594	0.35742188	0.35791016	0.45996094	0.46044922	[33554818;33555425;33555488]
5246517	0.109375	0.125	0.34375	0.359375	0.453125	0.46875	[33555225;33555568;33555598]
524671116732	0.12011719	0.12060547	0.3046875	0.30517578	0.44335938	0.44384766	[33555560;33555638]
524671116733	0.12060547	0.12109375	0.3046875	0.30517578	0.44335938	0.44384766	[33555397;33555693]
52470213643	0.14941406	0.15039062	0.33007812	0.3310547	0.38085938	0.38183594	[33555605]
5247021364720	0.14941406	0.1496582	0.33032227	0.3305664	0.38183594	0.38208008	[33555637;33555720]
5247021364722	0.14941406	0.1496582	0.33007812	0.33032227	0.38183594	0.38208008	[33555405;33555451]
5247047051	0.14648438	0.1484375	0.35742188	0.359375	0.42578125	0.42773438	[33554514]
5247047053053	0.1472168	0.14746094	0.3569336	0.35717773	0.42626953	0.42651367	[33554790]
5247047053054	0.14697266	0.1472168	0.35717773	0.35742188	0.42651367	0.4267578	[33554767]
5247047053055	0.1472168	0.14746094	0.35717773	0.35742188	0.42651367	0.4267578	[33555022;33555489]
5247047053056	0.14697266	0.1472168	0.3569336	0.35717773	0.42651367	0.4267578	[33554482]
52470470531	0.14746094	0.1484375	0.3564453	0.35742188	0.42578125	0.4267578	[33554708;33555664]
5247047053411	0.1472168	0.14746094	0.35717773	0.35742188	0.4267578	0.42700195	[33554666;33554722]
5247047053412	0.14697266	0.1472168	0.3569336	0.35717773	0.4267578	0.42700195	[33554455;33555427]
5247047053413	0.1472168	0.14746094	0.3569336	0.35717773	0.4267578	0.42700195	[33554476;33555092;33555110]
5247047053417	0.1472168	0.14746094	0.3569336	0.35717773	0.42700195	0.4272461	[33555151]
52470470535	0.14746094	0.1484375	0.3564453	0.35742188	0.4267578	0.42773438	[33554706]
52470472	0.140625	0.1484375	0.34375	0.3515625	0.421875	0.4296875	[33554515]
524706	0.125	0.15625	0.3125	0.34375	0.40625	0.4375	[33554612]
524707500	0.171875	0.17578125	0.33984375	0.34375	0.421875	0.42578125	[33554531]
524707501	0.17578125	0.1796875	0.33984375	0.34375	0.421875	0.42578125	[33554579;33554613;33555694]
52470750506	0.17578125	0.17675781	0.34179688	0.34277344	0.4267578	0.42773438	[33554646;33554976]
5247075050744	0.17675781	0.17700195	0.3425293	0.34277344	0.42749023	0.42773438	[33555314]
5247075050745	0.17700195	0.1772461	0.3425293	0.34277344	0.42749023	0.42773438	[33555270;33555334]
5247075050746	0.17675781	0.17700195	0.34228516	0.3425293	0.42749023	0.42773438	[33555479;33555695]
5247075050747	0.17700195	0.1772461	0.34228516	0.3425293	0.42749023	0.42773438	[33554472;33555153]
5247075050754	0.1772461	0.17749023	0.3425293	0.34277344	0.42749023	0.42773438	[33554741;33554789;33555085]
52470750507560	0.1772461	0.17736816	0.34240723	0.3425293	0.42749023	0.4276123	[33554761;33555345]
52470750507564	0.1772461	0.17736816	0.34240723	0.3425293	0.4276123	0.42773438	[33554853;33555091]
52470750507566	0.1772461	0.17736816	0.34228516	0.34240723	0.4276123	0.42773438	[33554443;33554478]
5247075050757	0.17749023	0.17773438	0.34228516	0.3425293	0.42749023	0.42773438	[33554709]
524707505076	0.17675781	0.1772461	0.34179688	0.34228516	0.4272461	0.42773438	[33554449;33554532]
524707505077	0.1772461	0.17773438	0.34179688	0.34228516	0.4272461	0.42773438	[33554464]
5247075051	0.17773438	0.1796875	0.34179688	0.34375	0.42578125	0.42773438	[33555437]
52470750540	0.17578125	0.17675781	0.34277344	0.34375	0.42773438	0.42871094	[33554825;33554845]
52470750541	0.17675781	0.17773438	0.34277344	0.34375	0.42773438	0.42871094	[33554640;33555252;33555315]
52470750542	0.17578125	0.17675781	0.34179688	0.34277344	0.42773438	0.42871094	[33555009]
5247075054301	0.17700195	0.1772461	0.3425293	0.34277344	0.42773438	0.42797852	[33554730;33555665]
5247075054303	0.17700195	0.1772461	0.34228516	0.3425293	0.42773438	0.42797852	[33554486;33555051]
5247075054305	0.17700195	0.1772461	0.3425293	0.34277344	0.42797852	0.42822266	[33555017]
5247075054307	0.17700195	0.1772461	0.34228516	0.3425293	0.42797852	0.42822266	[33555281]
5247075054310	0.1772461	0.17749023	0.3425293	0.34277344	0.42773438	0.42797852	[33554902]
5247075054311	0.17749023	0.17773438	0.3425293	0.34277344	0.42773438	0.42797852	[33554964;33555152]
5247075054312	0.1772461	0.17749023	0.34228516	0.3425293	0.42773438	0.42797852	[33555387]
5247075054313	0.17749023	0.17773438	0.34228516	0.3425293	0.42773438	0.42797852	[33555171]
5247075054314	0.1772461	0.17749023	0.3425293	0.34277344	0.42797852	0.42822266	[33554667]
5247075054316	0.1772461	0.17749023	0.34228516	0.3425293	0.42797852	0.42822266	[33555109;33555280]
5247075054317	0.17749023	0.17773438	0.34228516	0.3425293	0.42797852	0.42822266	[33554680;33554965]
524707505433	0.1772461	0.17773438	0.34179688	0.34228516	0.42773438	0.42822266	[33554487]
524707505434	0.17675781	0.1772461	0.34228516	0.34277344	0.42822266	0.42871094	[33555052]
5247075055200	0.17773438	0.17797852	0.3425293	0.34277344	0.42773438	0.42797852	[33555097]
5247075055202	0.17773438	0.17797852	0.34228516	0.3425293	0.42773438	0.42797852	[33555233;33555561]
5247075055203	0.17797852	0.17822266	0.34228516	0.3425293	0.42773438	0.42797852	[33555216]
5247075055207	0.17797852	0.17822266	0.34228516	0.3425293	0.42797852	0.42822266	[33555042]
524707505521	0.17822266	0.17871094	0.34228516	0.34277344	0.42773438	0.42822266	[33555021]
524707505522	0.17773438	0.17822266	0.34179688	0.34228516	0.42773438	0.42822266	[33555380]
5247075057	0.17773438	0.1796875	0.33984375	0.34179688	0.42773438	0.4296875	[33554691]
5250	0.25	0.375	0.375	0.5	0.25	0.375	[33554627;33554639]
52526451	0.2734375	0.28125	0.3046875	0.3125	0.359375	0.3671875	[33555175]
52526453	0.2734375	0.28125	0.296875	0.3046875	0.359375	0.3671875	[33555631]
52526457	0.2734375	0.28125	0.296875	0.3046875	0.3671875	0.375	[33554966;33555563]
526	0.0	0.25	0.0	0.25	0.25	0.5	[33554569]
527015645	0.34765625	0.3515625	0.23046875	0.234375	0.30859375	0.3125	[33554585]
527015647431	0.3491211	0.34960938	0.2290039	0.22949219	0.31054688	0.31103516	[33555117;33555195;33555354]
527015647433	0.3491211	0.34960938	0.22851562	0.2290039	0.31054688	0.31103516	[33555094]
527015647434	0.3486328	0.3491211	0.2290039	0.22949219	0.31103516	0.31152344	[33555375]
527015647435	0.3491211	0.34960938	0.2290039	0.22949219	0.31103516	0.31152344	[33554835;33555146]
527015647436	0.3486328	0.3491211	0.22851562	0.2290039	0.31103516	0.31152344	[33554933;33555134]
527015647437	0.3491211	0.34960938	0.22851562	0.2290039	0.31103516	0.31152344	[33555169]
52701564747	0.3486328	0.34960938	0.22851562	0.22949219	0.31152344	0.3125	[33555196;33555258;33555392]
5270156476	0.34765625	0.34960938	0.2265625	0.22851562	0.31054688	0.3125	[33554911]
610	-0.5	-0.25	-0.25	0.0	0.0	0.25	[33554603]
611354442173	-0.05908203	-0.05859375	-0.13085938	-0.1303711	0.11816406	0.118652344	[33554975]
6113544421771	-0.05883789	-0.05859375	-0.13061523	-0.1303711	0.118652344	0.118896484	[33555116;33555330;33555447]
6113544421772	-0.05908203	-0.05883789	-0.13085938	-0.13061523	0.118652344	0.118896484	[33555182]
6113544421773	-0.05883789	-0.05859375	-0.13085938	-0.13061523	0.118652344	0.118896484	[33555496;33555627]
611354443	-0.05859375	-0.0546875	-0.1328125	-0.12890625	0.1171875	0.12109375	[33555265]
6115	-0.125	0.0	-0.125	0.0	0.125	0.25	[33554610]
612333544561	-0.2631836	-0.2626953	-0.47021484	-0.46972656	0.030273438	0.030761719	[33554695;33554770]
6123335445635	-0.26293945	-0.2626953	-0.47045898	-0.47021484	0.030517578	0.030761719	[33554769;33554821;33554950]
6123335445636	-0.2631836	-0.26293945	-0.47070312	-0.47045898	0.030517578	0.030761719	[33555336;33555371]
61233354456712	-0.26293945	-0.26281738	-0.47045898	-0.4703369	0.030761719	0.030883789	[33554673;33554777]
61233354456713	-0.26281738	-0.2626953	-0.47045898	-0.4703369	0.030761719	0.030883789	[33554694]
61233354456714	-0.26293945	-0.26281738	-0.4703369	-0.47021484	0.030883789	0.03100586	[33555177]
61233354456730	-0.26293945	-0.26281738	-0.47058105	-0.47045898	0.030761719	0.030883789	[33554791]
61233354456732	-0.26293945	-0.26281738	-0.47070312	-0.47058105	0.030761719	0.030883789	[33555304]
61233354456733	-0.26281738	-0.2626953	-0.47070312	-0.47058105	0.030761719	0.030883789	[33554843;33554878]
61233354456734	-0.26293945	-0.26281738	-0.47058105	-0.47045898	0.030883789	0.03100586	[33555552]
61233354456736	-0.26293945	-0.26281738	-0.47070312	-0.47058105	0.030883789	0.03100586	[33554863]
6123335445674	-0.2631836	-0.26293945	-0.47045898	-0.47021484	0.03100586	0.03125	[33555621]
6123335445675	-0.26293945	-0.2626953	-0.47045898	-0.47021484	0.03100586	0.03125	[33554937]
6123335445677	-0.26293945	-0.2626953	-0.47070312	-0.47045898	0.03100586	0.03125	[33554750]
61233354457	-0.2626953	-0.26171875	-0.47070312	-0.46972656	0.030273438	0.03125	[33555542]
6123335447	-0.26367188	-0.26171875	-0.47265625	-0.47070312	0.029296875	0.03125	[33555141;33555372]
6124	-0.5	-0.375	-0.375	-0.25	0.125	0.25	[33554522]
615	-0.25	0.0	-0.25	0.0	0.25	0.5	[33554595]
61662577370	-0.43945312	-0.43847656	-0.46777344	-0.46679688	0.43164062	0.4326172	[33554930]
61662577371	-0.43847656	-0.4375	-0.46777344	-0.46679688	0.43164062	0.4326172	[33554920;33555499]
61662577373	-0.43847656	-0.4375	-0.46875	-0.46777344	0.43164062	0.4326172	[33555293;33555367]
6166723	-0.421875	-0.40625	-0.5	-0.484375	0.4375	0.453125	[33554602]
61667243333	-0.42285156	-0.421875	-0.484375	-0.48339844	0.453125	0.45410156	[33554850;33555087]
616672433370	-0.42285156	-0.42236328	-0.48388672	-0.48339844	0.45410156	0.45458984	[33555646]
6166724333710	-0.42236328	-0.42211914	-0.48364258	-0.48339844	0.45410156	0.4543457	[33555029]
6166724333712	-0.42236328	-0.42211914	-0.48388672	-0.48364258	0.45410156	0.4543457	[33554562;33554954;33555342]
6166724333714	-0.42236328	-0.42211914	-0.48364258	-0.48339844	0.4543457	0.45458984	[33555208]
6166724333730	-0.42236328	-0.42211914	-0.48413086	-0.48388672	0.45410156	0.4543457	[33554513;33554828]
6166724333731	-0.42211914	-0.421875	-0.48413086	-0.48388672	0.45410156	0.4543457	[33554953;33555717]
6166724333735	-0.42211914	-0.421875	-0.48413086	-0.48388672	0.4543457	0.45458984	[33555076]
6166726	-0.4375	-0.421875	-0.5	-0.484375	0.453125	0.46875	[33554993;33555184;33555308]
617	-0.25	0.0	-0.5	-0.25	0.25	0.5	[33554625]
70001746133	0.10058594	0.1015625	-0.04296875	-0.041992188	0.0546875	0.055664062	[33554781]
70001746135	0.10058594	0.1015625	-0.041992188	-0.041015625	0.055664062	0.056640625	[33555389;33555444]
7000174613701	0.10083008	0.10107422	-0.042236328	-0.041992188	0.055664062	0.055908203	[33555013]
7000174613705	0.10083008	0.10107422	-0.042236328	-0.041992188	0.055908203	0.056152344	[33554537;33554981]
7000174613706	0.10058594	0.10083008	-0.04248047	-0.042236328	0.055908203	0.056152344	[33555521]
700017461371	0.10107422	0.1015625	-0.04248047	-0.041992188	0.055664062	0.056152344	[33555228;33555677]
700017461374	0.10058594	0.10107422	-0.04248047	-0.041992188	0.056152344	0.056640625	[33554879]
7000177	0.109375	0.125	-0.0625	-0.046875	0.046875	0.0625	[33554523;33555522]
70007	0.0625	0.125	-0.125	-0.0625	0.0625	0.125	[33555045]
7004	0.0	0.125	-0.125	0.0	0.125	0.25	[33554582]
701054172144	0.33789062	0.3383789	-0.012207031	-0.01171875	0.103027344	0.103515625	[33555205;33555602;33555683]
701054172145	0.3383789	0.3388672	-0.012207031	-0.01171875	0.103027344	0.103515625	[33555179;33555445;33555493]
7012036153276	0.29541016	0.2956543	-0.17578125	-0.17553711	0.020263672	0.020507812	[33555347;33555531;33555536]
7012036153277	0.2956543	0.29589844	-0.17578125	-0.17553711	0.020263672	0.020507812	[33555517]
701203617	0.29296875	0.296875	-0.1796875	-0.17578125	0.01953125	0.0234375	[33555406;33555635]
701211	0.34375	0.375	-0.15625	-0.125	0.0	0.03125	[33554580]
7012161231423	0.33422852	0.33447266	-0.16894531	-0.16870117	0.032226562	0.032470703	[33554916;33554969;33555297]
7012161231424	0.33398438	0.33422852	-0.16870117	-0.16845703	0.032470703	0.032714844	[33554882]
701473	0.34375	0.375	-0.125	-0.09375	0.1875	0.21875	[33555324;33555661;33555684]
7014752	0.34375	0.359375	-0.09375	-0.078125	0.21875	0.234375	[33555472;33555587]
7014753	0.359375	0.375	-0.09375	-0.078125	0.21875	0.234375	[33554619]
701475420	0.34375	0.34765625	-0.07421875	-0.0703125	0.234375	0.23828125	[33554542]
701475422	0.34375	0.34765625	-0.078125	-0.07421875	0.234375	0.23828125	[33555122;33555164;33555442]
701475423	0.34765625	0.3515625	-0.078125	-0.07421875	0.234375	0.23828125	[33555065;33555490]
70147701154	0.35742188	0.35839844	-0.09472656	-0.09375	0.22167969	0.22265625	[33554467;33554697]
701477011570	0.35839844	0.35888672	-0.095214844	-0.09472656	0.22167969	0.22216797	[33554658;33554677]
701477011571	0.35888672	0.359375	-0.095214844	-0.09472656	0.22167969	0.22216797	[33555294]
701477011573	0.35888672	0.359375	-0.095703125	-0.095214844	0.22167969	0.22216797	[33555199]
701477011574	0.35839844	0.35888672	-0.095214844	-0.09472656	0.22216797	0.22265625	[33554690]
701477011576	0.35839844	0.35888672	-0.095703125	-0.095214844	0.22216797	0.22265625	[33555240;33555402]
701477011577	0.35888672	0.359375	-0.095703125	-0.095214844	0.22216797	0.22265625	[33554457;33555119;33555403]
7014770117	0.35742188	0.359375	-0.09765625	-0.095703125	0.22070312	0.22265625	[33554665]
7015	0.375	0.5	-0.125	0.0	0.125	0.25	[33555424;33555450;33555548]
7017	0.375	0.5	-0.25	-0.125	0.125	0.25	[33554629]
703233605641	0.34814453	0.3486328	-0.4868164	-0.48632812	0.022460938	0.022949219	[33555269;33555558]
703233605643	0.34814453	0.3486328	-0.4873047	-0.4868164	0.022460938	0.022949219	[33555287;33555321]
7036617120273	0.30541992	0.30566406	-0.45898438	-0.45874023	0.20361328	0.20385742	[33555382]
7036617120277	0.30541992	0.30566406	-0.45898438	-0.45874023	0.20385742	0.20410156	[33554886;33555238;33555381]
70366171221	0.30566406	0.30664062	-0.45996094	-0.45898438	0.203125	0.20410156	[33555107]
70366171224	0.3046875	0.30566406	-0.45996094	-0.45898438	0.20410156	0.20507812	[33555056]
70366171225	0.30566406	0.30664062	-0.45996094	-0.45898438	0.20410156	0.20507812	[33555095;33555691]
70606	0.0	0.0625	-0.375	-0.3125	0.3125	0.375	[33555471]
7060720	0.0625	0.078125	-0.359375	-0.34375	0.3125	0.328125	[33555585]
7060722530	0.07421875	0.076171875	-0.36523438	-0.36328125	0.3203125	0.32226562	[33554572;33555452]
706072253253	0.075683594	0.076171875	-0.36621094	-0.36572266	0.32128906	0.32177734	[33555064]
706072253255	0.075683594	0.076171875	-0.36572266	-0.36523438	0.32177734	0.32226562	[33555213;33555543]
706072253257	0.075683594	0.076171875	-0.36621094	-0.36572266	0.32177734	0.32226562	[33554571]
7060722533	0.076171875	0.078125	-0.3671875	-0.36523438	0.3203125	0.32226562	[33555131]
706072253611	0.075683594	0.076171875	-0.36572266	-0.36523438	0.32226562	0.3227539	[33554771;33554826;33555106]
706072253613	0.075683594	0.076171875	-0.36621094	-0.36572266	0.32226562	0.3227539	[33555034;33555634]
7064	0.0	0.125	-0.375	-0.25	0.375	0.5	[33554636]
707	0.25	0.5	-0.5	-0.25	0.25	0.5	[33554634]
1286
